82

 

216.
Nassovia: 416. 417. 418. 419. . ..................... 4.
Noricum: 103. 104. 105. 106. 107. 108. 109. 110. 111. 112113. 114.
115. 116. 117. 118. 445 ...... . ............ 17.
Numidia Proconsularis: 305. 306. . ................... 2.
Numidia Provincia: 299. 300. 301. 302. 303. 304. 307. . . . . . . . 7.
Pannonia inferior: 53. 54. 55. 56. 57. 58. 59. 60. 61. 62. 63. 64. 65.
66. 435. ........................... 15.
Pannonia superior: 67. 68. 69. 70. 71. 72. 73. 74. 75. 76. 77. 78. 79. ¹
80. 81. 82. 83. 84. 85. 86. 87. 88. 89. 90. 91. 92. 93.
94. 95. 96. 97. 98. 99. 100. 101. 102. 436. 437. 440. 441.
442. 443. 444 ......................... 43.
Βαᾳῒίἃε 119. 120. 121 ............................. 3.

Roma: 176. 177. 178. 179. 180. 181. 182. 183. 184. 185. 186. 187.·
188. 189. 190. 191. 192. 193. 194. 195. 196. 197. 198.
199. 200. 201. 202. 203. 204. 205. 206. 207. 208. 209.
210. 211. 212. 213. 214. 215. 216. 217. 218. 219. 220.
221, 222. 223. 224. 225. 226. 227. 228. 229. 230. 231.
232. 233. 234. 235. 236. 237. 238. 239. 240. 241. 242.
243. 244. 245. 246. 247. 248. 249. 250. 251. 252. 2535
254. 255. 256. 257. 258. 259. 260. 261. 262. 263. 264.
265. 266. 267. 268. 269. 270. 271. 272. 273. 319. 320.
322. 323. 326. 327. 328. 329. 334. 335. 336. 337. 345.
346. 349. 354. 358. 360. 361. 362. 363. 364. 365. 366.
367 . 368. 369. 370. 376. 381. 446. 447. 448. 449. 450.

451 .............. . ................. 135.
Syria2316.317.. ...... 2.
wirtembergiaz420.42l.422.......... 3,

P ι 387. 388. 391. 392. 393. 400. ⁷ ............ 4} Ἴ
453.

 

